64,2
64,4
64,1
64,3
66,2
66,4
66,1
66,3
60,4
60,1
60,3
3,2
3,1
3,3
10,257
10,15
10,69
10,19
10,153
10,243
10,237
10,119
10,2
10,3
11,28
11,22
11,23
11,17
11,16
11,25
11,2
11,3
9,5
9,2
9,3
8,10
8,15
8,14
8,5
8,2
8,3
20,3
20,2
20,1
19,3
19,2
19,1
18,3
18,1
14,3
14,1
13,3
13,1
12,3
12,2
12,1
11,13
2,2
11,1
2,1
11,6
2,3
10,259
10,255
10,219
10,135
10,109
10,97
10,85
10,1
10,13
9,1
9,7
8,13
8,8
8,1
8,7
0,386
0,278
0,273
0,270
0,243
0,9
0,0
67,34
67,33
67,32
67,31
67,30
67,29
67,28
67,27
67,26
67,25
67,24
67,23
67,22
67,21
67,20
67,19
